major minor  #blocks  name

   1        0       4096 ram0
   1        1       4096 ram1
   1        2       4096 ram2
   1        3       4096 ram3
   1        4       4096 ram4
   1        5       4096 ram5
   1        6       4096 ram6
   1        7       4096 ram7
   1        8       4096 ram8
   1        9       4096 ram9
   1       10       4096 ram10
   1       11       4096 ram11
   1       12       4096 ram12
   1       13       4096 ram13
   1       14       4096 ram14
   1       15       4096 ram15
   7        0     111180 loop0
   7        8        880 loop1
   7       16      84876 loop2
   7       24      24676 loop3
   7       32       5664 loop4
   7       40       1736 loop5
   7       48     111180 loop6
   7       56       2432 loop7
   7       64        880 loop8
   7       72      84876 loop9
   7       80      24676 loop10
   7       88      18128 loop11
   7       96       4708 loop12
   7      104       7768 loop13
   7      112        596 loop14
   7      120       4776 loop15
 254        0    3145728 zram0
   8        0       4096 sda
   8       16       4096 sdb
   8       32  124960768 sdc
   8       33     131072 sdc1
   8       34       4096 sdc2
   8       35        512 sdc3
   8       36      20480 sdc4
   8       37       1024 sdc5
   8       38       8192 sdc6
   8       39       8192 sdc7
   8       40       8192 sdc8
   8       41      32768 sdc9
   8       42      65536 sdc10
   8       43      32768 sdc11
   8       44      72160 sdc12
   8       45       8192 sdc13
   8       46       8192 sdc14
   8       47       8192 sdc15
 259        0      49152 sdc16
 259        1       2048 sdc17
 259        2       3072 sdc18
 259        3        512 sdc19
 259        4      65536 sdc20
 259        5     204800 sdc21
 259        6      26624 sdc22
 259        7       1024 sdc23
 259        8       8192 sdc24
 259        9       1024 sdc25
 259       10       4096 sdc26
 259       11       4096 sdc27
 259       12       6144 sdc28
 259       13       6144 sdc29
 259       14       1024 sdc30
 259       15       1024 sdc31
 259       16       1024 sdc32
 259       17       1024 sdc33
 259       18      15360 sdc34
 259       19      15360 sdc35
 259       20      15360 sdc36
 259       21      32768 sdc37
 259       22      32768 sdc38
 259       23       8192 sdc39
 259       24       8192 sdc40
 259       25      65536 sdc41
 259       26      65536 sdc42
 259       27      32768 sdc43
 259       28       5120 sdc44
 259       29      12800 sdc45
 259       30    8912896 sdc46
 259       31     442368 sdc47
 259       32      16384 sdc48
 259       33       8192 sdc49
 259       34      16384 sdc50
 259       35      16384 sdc51
 259       36     131072 sdc52
 259       37       1024 sdc53
 259       38       1024 sdc54
 259       39      16384 sdc55
 259       40      65536 sdc56
 259       41     131072 sdc57
 259       42    1054720 sdc58
 259       43  113024992 sdc59
 259       44      16384 sdc60
 253        0     370664 dm-0
 253        1    1112804 dm-1
 253        2    4461508 dm-2
   7      128        264 loop16
   7      136       4924 loop17
   7      144       5388 loop18
   7      152       4624 loop19
   7      160       4532 loop20
   7      168       5664 loop21
   7      176        368 loop22
   7      184       3344 loop23
   7      192       1736 loop24
   7      200        772 loop25
