cpu  127734 20090 86743 1781985 2946 0 1853 0 0 0
cpu0 29404 7145 20807 190759 460 0 485 0 0 0
cpu1 20618 2306 16787 209263 442 0 187 0 0 0
cpu2 17160 1989 14481 216219 395 0 413 0 0 0
cpu3 15338 1998 12863 220502 346 0 422 0 0 0
cpu4 5883 1007 2964 245539 103 0 56 0 0 0
cpu5 7003 1322 3308 243766 180 0 54 0 0 0
cpu6 11267 1864 5395 236210 302 0 66 0 0 0
cpu7 21058 2456 10136 219723 716 0 166 0 0 0
intr 17466073 0 0 0 0 3856217 0 151951 0 0 0 0 0 0 0 0 0 0 0 0 0 0 0 34 0 0 0 0 0 0 0 0 0 6 0 0 0 0 0 0 0 57360 0 0 1983 2 0 0 0 0 0 0 0 0 0 0 0 0 0 0 0 0 0 0 0 0 0 0 0 0 0 0 0 0 0 0 0 0 0 0 0 0 0 0 0 0 0 0 0 0 0 0 0 0 0 0 0 0 0 0 0 0 0 0 0 0 0 0 0 0 0 0 0 0 0 0 0 0 0 0 0 0 0 0 0 0 0 0 0 0 0 0 0 0 0 0 0 0 0 0 0 0 0 0 0 0 0 0 0 0 0 0 0 0 0 0 0 0 0 0 0 0 0 0 0 0 0 0 0 0 0 0 0 0 0 0 0 0 0 0 0 0 0 0 0 0 0 0 0 0 0 0 0 0 0 0 0 0 0 0 0 0 0 0 0 0 0 0 0 0 0 0 0 0 0 0 0 0 0 0 0 0 0 0 0 0 0 0 0 0 0 1 0 0 69 0 0 0 0 0 0 0 0 0 0 0 0 0 0 0 0 0 53787 0 8100 0 0 0 0 0 0 0 0 0 213614 0 0 0 0 1 0 0 176683 0 0 0 0 0 0 0 0 0 0 0 0 0 173968 0 0 0 0 0 78 289184 76 0 0 16 0 22 0 0 0 0 0 0 0 0 0 163 0 0 441056 1 388255 0 0 0 1230 805 70012 0 0 3 7624 0 0 0 0 0 0 0 0 0 0 0 0 0 0 3359 3359 0 0 0 189774 0 0 100560 100551 285070 0 0 92 526167 0 190244 0 0 98223 0 0 0 0 0 0 0 0 0 0 0 0 0 0 0 0 0 0 0 0 0 0 0 0 0 0 0 0 0 0 0 0 0 0 0 0 0 0 1 38610 5593 0 0 0 0 2 0 2 0 0 0 0 0 0 115109 0 29 0 69 96900 36011 207 206 2496 0 0 0 0 0 4 2 2 0 0 0 0 0 0 0 0 0 0 0 0 0 0 0 0 0 0 0 0 0 0 0 0 0 0 0 0 0 0 0 0 0 0 0 0 0 0 0 0 0 0 0 0 6 0 0 0 0 0 0 0 0 0 1981 0 0 0 0 0 0 0 0 0 0 0 0 0 0 0 0 0 0 0 0 0 0 0 0 0 0 0 0 0 0 0 0 0 0 0 0 0 0 0 0 0 2 0 5 5 0 0 18 17 0 0 0 0
ctxt 23816868
btime 1657362596
processes 29170
procs_running 3
procs_blocked 0
softirq 6812583 36419 1991503 4711 113399 213113 0 2099 2340314 0 2111025
