                    CPU0       CPU1       CPU2       CPU3       CPU4       CPU5       CPU6       CPU7       
          HI:        394        421        364        314         40         60        109        216
       TIMER:     128744     123066     107159      97470      30334      34028      43690      56531
      NET_TX:          5          2          4          3          3          1          1        673
      NET_RX:       6222       6317       4876       7188        931       2052       2056       1632
       BLOCK:      12640      13325      13315      12888      12657      12634      17155      41034
    IRQ_POLL:          0          0          0          0          0          0          0          0
     TASKLET:         51         65         63         62         20         24         30         28
       SCHED:     140175     134306     121687     110831      35004      39682      51556      66218
     HRTIMER:          0          0          0          0          0          0          0          0
         RCU:     106967     108110      99951      98251      49355      56468      64779      78741
