   1       0 ram0 0 0 0 0 0 0 0 0 0 0 0
   1       1 ram1 0 0 0 0 0 0 0 0 0 0 0
   1       2 ram2 0 0 0 0 0 0 0 0 0 0 0
   1       3 ram3 0 0 0 0 0 0 0 0 0 0 0
   1       4 ram4 0 0 0 0 0 0 0 0 0 0 0
   1       5 ram5 0 0 0 0 0 0 0 0 0 0 0
   1       6 ram6 0 0 0 0 0 0 0 0 0 0 0
   1       7 ram7 0 0 0 0 0 0 0 0 0 0 0
   1       8 ram8 0 0 0 0 0 0 0 0 0 0 0
   1       9 ram9 0 0 0 0 0 0 0 0 0 0 0
   1      10 ram10 0 0 0 0 0 0 0 0 0 0 0
   1      11 ram11 0 0 0 0 0 0 0 0 0 0 0
   1      12 ram12 0 0 0 0 0 0 0 0 0 0 0
   1      13 ram13 0 0 0 0 0 0 0 0 0 0 0
   1      14 ram14 0 0 0 0 0 0 0 0 0 0 0
   1      15 ram15 0 0 0 0 0 0 0 0 0 0 0
   7       0 loop0 157 0 13515 80 0 0 0 0 0 16 40
   7       8 loop1 15 0 316 4 0 0 0 0 0 0 0
   7      16 loop2 17 0 129 20 0 0 0 0 0 4 12
   7      24 loop3 7 0 55 4 0 0 0 0 0 0 0
   7      32 loop4 69 0 8302 28 0 0 0 0 0 0 0
   7      40 loop5 11 0 107 4 0 0 0 0 0 0 0
   7      48 loop6 1009 7 104731 936 0 0 0 0 0 176 504
   7      56 loop7 56 0 5315 24 0 0 0 0 0 4 4
   7      64 loop8 29 0 1236 24 0 0 0 0 0 4 4
   7      72 loop9 911 12 122481 548 0 0 0 0 0 116 140
   7      80 loop10 195 0 17263 128 0 0 0 0 0 16 28
   7      88 loop11 438 22 47298 368 0 0 0 0 0 24 32
   7      96 loop12 45 0 3941 48 0 0 0 0 0 4 4
   7     104 loop13 93 0 11560 40 0 0 0 0 0 4 4
   7     112 loop14 19 0 1014 0 0 0 0 0 0 0 0
   7     120 loop15 93 0 10693 40 0 0 0 0 0 0 0
 254       0 zram0 130639 0 1045112 1484 282025 0 2256200 4080 0 5504 5592
   8       0 sda 3 0 24 0 0 0 0 0 0 0 0
   8      16 sdb 3 0 24 0 0 0 0 0 0 0 0
   8      32 sdc 59877 108 8102528 98200 57616 51324 129061480 52472 0 29972 150012
   8      33 sdc1 0 0 0 0 0 0 0 0 0 0 0
   8      34 sdc2 0 0 0 0 0 0 0 0 0 0 0
   8      35 sdc3 0 0 0 0 0 0 0 0 0 0 0
   8      36 sdc4 3 0 72 0 1 0 8 0 0 0 0
   8      37 sdc5 0 0 0 0 0 0 0 0 0 0 0
   8      38 sdc6 0 0 0 0 0 0 0 0 0 0 0
   8      39 sdc7 0 0 0 0 0 0 0 0 0 0 0
   8      40 sdc8 0 0 0 0 0 0 0 0 0 0 0
   8      41 sdc9 99 0 2504 12 38 21 472 20 0 28 32
   8      42 sdc10 75 0 3480 16 80 21 952 48 0 48 64
   8      43 sdc11 67 0 560 16 15 13 55264 4 0 20 20
   8      44 sdc12 63 0 3304 36 27 25 416 20 0 44 56
   8      45 sdc13 32 0 1112 8 15 1 128 0 0 8 8
   8      46 sdc14 32 0 1112 12 15 1 128 0 0 8 12
   8      47 sdc15 0 0 0 0 0 0 0 0 0 0 0
 259       0 sdc16 0 0 0 0 0 0 0 0 0 0 0
 259       1 sdc17 0 0 0 0 0 0 0 0 0 0 0
 259       2 sdc18 0 0 0 0 0 0 0 0 0 0 0
 259       3 sdc19 0 0 0 0 0 0 0 0 0 0 0
 259       4 sdc20 0 0 0 0 0 0 0 0 0 0 0
 259       5 sdc21 0 0 0 0 0 0 0 0 0 0 0
 259       6 sdc22 0 0 0 0 0 0 0 0 0 0 0
 259       7 sdc23 0 0 0 0 0 0 0 0 0 0 0
 259       8 sdc24 0 0 0 0 0 0 0 0 0 0 0
 259       9 sdc25 0 0 0 0 0 0 0 0 0 0 0
 259      10 sdc26 0 0 0 0 0 0 0 0 0 0 0
 259      11 sdc27 0 0 0 0 0 0 0 0 0 0 0
 259      12 sdc28 0 0 0 0 0 0 0 0 0 0 0
 259      13 sdc29 0 0 0 0 0 0 0 0 0 0 0
 259      14 sdc30 0 0 0 0 0 0 0 0 0 0 0
 259      15 sdc31 0 0 0 0 0 0 0 0 0 0 0
 259      16 sdc32 0 0 0 0 0 0 0 0 0 0 0
 259      17 sdc33 0 0 0 0 0 0 0 0 0 0 0
 259      18 sdc34 0 0 0 0 0 0 0 0 0 0 0
 259      19 sdc35 0 0 0 0 0 0 0 0 0 0 0
 259      20 sdc36 0 0 0 0 0 0 0 0 0 0 0
 259      21 sdc37 0 0 0 0 0 0 0 0 0 0 0
 259      22 sdc38 0 0 0 0 0 0 0 0 0 0 0
 259      23 sdc39 0 0 0 0 0 0 0 0 0 0 0
 259      24 sdc40 0 0 0 0 0 0 0 0 0 0 0
 259      25 sdc41 0 0 0 0 0 0 0 0 0 0 0
 259      26 sdc42 0 0 0 0 0 0 0 0 0 0 0
 259      27 sdc43 0 0 0 0 0 0 0 0 0 0 0
 259      28 sdc44 0 0 0 0 0 0 0 0 0 0 0
 259      29 sdc45 0 0 0 0 0 0 0 0 0 0 0
 259      30 sdc46 9039 9 1178144 6852 2 0 42496 4 0 2928 6724
 259      31 sdc47 43 0 704 16 41 21 777640 112 0 112 128
 259      32 sdc48 0 0 0 0 0 0 0 0 0 0 0
 259      33 sdc49 0 0 0 0 0 0 0 0 0 0 0
 259      34 sdc50 0 0 0 0 0 0 0 0 0 0 0
 259      35 sdc51 0 0 0 0 0 0 0 0 0 0 0
 259      36 sdc52 0 0 0 0 0 0 0 0 0 0 0
 259      37 sdc53 0 0 0 0 0 0 0 0 0 0 0
 259      38 sdc54 0 0 0 0 0 0 0 0 0 0 0
 259      39 sdc55 0 0 0 0 0 0 0 0 0 0 0
 259      40 sdc56 0 0 0 0 0 0 0 0 0 0 0
 259      41 sdc57 0 0 0 0 0 0 0 0 0 0 0
 259      42 sdc58 40 0 336 16 0 0 0 0 0 16 16
 259      43 sdc59 50374 99 6911120 91212 55733 51221 128183976 51636 0 27204 142312
 259      44 sdc60 0 0 0 0 0 0 0 0 0 0 0
 253       0 dm-0 1218 0 766648 1508 0 0 0 0 0 884 1508
 253       1 dm-1 3228 0 795832 3060 0 0 0 0 0 1668 3060
 253       2 dm-2 12509 0 2647856 10800 2 0 42496 4 0 5044 10812
   7     128 loop16 22 0 300 8 0 0 0 0 0 0 0
   7     136 loop17 54 0 9716 28 0 0 0 0 0 8 12
   7     144 loop18 32 0 4578 32 0 0 0 0 0 0 0
   7     152 loop19 75 0 9119 44 0 0 0 0 0 0 0
   7     160 loop20 100 0 9172 72 0 0 0 0 0 12 12
   7     168 loop21 77 0 8846 48 0 0 0 0 0 8 12
   7     176 loop22 18 0 547 0 0 0 0 0 0 0 0
   7     184 loop23 45 0 6549 28 0 0 0 0 0 12 12
   7     192 loop24 69 0 4827 48 0 0 0 0 0 4 12
   7     200 loop25 24 0 1420 24 0 0 0 0 0 4 4
